/Users/akashkulkarni/anaconda3/bin/python /Users/akashkulkarni/GitWorld/Collective-Anomaly-Detection/FGSS.py
Shortening the data ...
2018-08-22 22:58:45.805369: W tensorflow/core/platform/cpu_feature_guard.cc:45] The TensorFlow library wasn't compiled to use SSE4.1 instructions, but these are available on your machine and could speed up CPU computations.
2018-08-22 22:58:45.805383: W tensorflow/core/platform/cpu_feature_guard.cc:45] The TensorFlow library wasn't compiled to use SSE4.2 instructions, but these are available on your machine and could speed up CPU computations.
2018-08-22 22:58:45.805388: W tensorflow/core/platform/cpu_feature_guard.cc:45] The TensorFlow library wasn't compiled to use AVX instructions, but these are available on your machine and could speed up CPU computations.
2018-08-22 22:58:45.805393: W tensorflow/core/platform/cpu_feature_guard.cc:45] The TensorFlow library wasn't compiled to use AVX2 instructions, but these are available on your machine and could speed up CPU computations.
2018-08-22 22:58:45.805397: W tensorflow/core/platform/cpu_feature_guard.cc:45] The TensorFlow library wasn't compiled to use FMA instructions, but these are available on your machine and could speed up CPU computations.
Starting Code ...
Creating Training Reconstruction Error...
Creating Test Reconstruction Error...
Creating P Value...
Creating Excel Writer...
Writing Training Error...
Writing Test Error...
Dumping Data into Excel
Starting FGSS ...
Epoch 0 starting ...
Running FGSS step for random columns ...


Score : 47796.5146667
alpha : 0.002
rows  : [568]
cols  : [0, 4, 5, 9, 12, 14, 19, 23, 24, 25, 26, 28, 29, 30, 35]
	Storing updated score ...
	Score : 47796.5146667
	alpha : 0.002
	rows  : [568]
	cols  : [0, 4, 5, 9, 12, 14, 19, 23, 24, 25, 26, 28, 29, 30, 35]
Running FGSS step for random rows ...


Current Score : 6060.46053116
Current alpha : 0.002
Current rows  : [5, 6, 7, 9, 10, 11, 12, 13, 14, 15, 16, 19, 20, 21, 24, 25, 26, 27, 28, 29, 30, 31, 32, 35, 36, 37, 41, 42, 43, 45, 46, 48, 52, 53, 54, 56, 59, 63, 65, 67, 70, 71, 72, 73, 75, 78, 79, 81, 82, 83, 84, 85, 86, 87, 89, 92, 93, 96, 98, 99, 100, 101, 102, 103, 106, 107, 109, 110, 111, 112, 114, 115, 116, 117, 121, 122, 123, 124, 128, 129, 131, 132, 133, 135, 139, 140, 143, 144, 145, 148, 149, 152, 153, 155, 157, 160, 164, 165, 167, 169, 171, 173, 176, 178, 179, 180, 181, 183, 184, 186, 187, 189, 190, 191, 195, 198, 199, 200, 201, 202, 203, 204, 205, 206, 207, 209, 212, 213, 214, 216, 220, 222, 224, 225, 226, 227, 228, 229, 231, 233, 234, 236, 237, 238, 239, 240, 249, 252, 253, 254, 255, 256, 257, 263, 266, 267, 271, 272, 273, 274, 275, 278, 281, 283, 285, 288, 289, 291, 292, 293, 294, 295, 297, 299, 301, 302, 303, 304, 309, 312, 320, 323, 325, 326, 327, 329, 330, 333, 336, 337, 338, 339, 340, 341, 343, 352, 354, 355, 356, 357, 362, 368, 369, 373, 377, 378, 379, 380, 381, 383, 384, 387, 388, 389, 391, 392, 396, 397, 398, 400, 402, 404, 407, 408, 409, 410, 412, 413, 416, 418, 420, 421, 422, 425, 426, 429, 430, 431, 432, 433, 436, 437, 440, 442, 447, 448, 449, 450, 451, 453, 456, 457, 458, 459, 460, 462, 463, 464, 466, 467, 470, 471, 472, 473, 474, 475, 476, 480, 481, 488, 489, 490, 491, 494, 496, 497, 499, 501, 506, 508, 511, 512, 513, 515, 516, 517, 521, 523, 525, 528, 529, 536, 537, 538, 539, 542, 543, 549, 550, 553, 555, 556, 557, 558, 559, 562, 563, 566, 567, 568, 569, 572, 574, 575, 578, 584, 585, 586, 587, 592, 593, 595, 596, 598, 599, 600, 602, 603, 604, 606, 608, 612, 613, 614, 615, 616, 619, 620, 622, 623, 627, 628, 630, 631, 632, 634, 638, 644, 645, 649, 651, 653, 657, 658, 659, 660, 664, 669, 670, 671, 672, 673, 676, 677, 679, 680, 683, 685, 688, 689, 691, 700, 702, 703, 705, 706, 707, 709, 710, 711, 713, 716, 723, 725, 727, 729, 731, 732, 733, 734, 736, 737, 739, 744, 745, 746, 747, 748, 749, 751, 752, 754, 758, 759, 761, 762, 766, 767, 768, 769, 771, 776, 779, 782, 783, 784, 786, 787, 789, 790, 791, 796, 798, 799]
Current cols  : [20]
Epoch 0 ending...
Prev Score : 47796.5146667

-----Updating global score ... ------
	Global Score : 47796.5146667
	Global alpha : 0.002
	Global rows  : [568]
	Global cols  : [0, 4, 5, 9, 12, 14, 19, 23, 24, 25, 26, 28, 29, 30, 35]
-------------------------------------

Epoch 1 starting ...
Running FGSS step for random columns ...


Score : 37769.5325234
alpha : 0.002
rows  : [568 717]
cols  : [3, 5, 6, 7, 12, 14, 15, 16, 20, 21, 24, 26, 29, 32, 33, 34, 35, 36, 37]
	Storing updated score ...
	Score : 37769.5325234
	alpha : 0.002
	rows  : [568 717]
	cols  : [3, 5, 6, 7, 12, 14, 15, 16, 20, 21, 24, 26, 29, 32, 33, 34, 35, 36, 37]
Running FGSS step for random rows ...


Current Score : 6995.20561777
Current alpha : 0.002
Current rows  : [2, 3, 4, 6, 11, 12, 13, 15, 16, 17, 19, 20, 21, 22, 23, 25, 27, 31, 33, 36, 37, 38, 39, 40, 42, 44, 45, 47, 48, 50, 51, 54, 55, 56, 59, 61, 63, 65, 66, 67, 68, 70, 72, 74, 77, 78, 80, 81, 82, 83, 86, 87, 88, 90, 93, 94, 98, 99, 102, 107, 108, 109, 111, 115, 117, 118, 119, 120, 122, 123, 124, 125, 126, 127, 131, 133, 134, 136, 137, 139, 144, 146, 148, 149, 151, 152, 153, 156, 157, 160, 161, 162, 164, 165, 166, 167, 170, 177, 180, 182, 183, 184, 185, 187, 189, 190, 191, 192, 193, 194, 196, 198, 199, 200, 202, 203, 205, 207, 210, 211, 213, 214, 215, 217, 221, 224, 231, 232, 234, 235, 239, 241, 243, 244, 245, 246, 253, 257, 260, 261, 263, 264, 270, 271, 274, 276, 277, 278, 282, 283, 284, 285, 286, 287, 289, 297, 298, 299, 302, 303, 304, 305, 306, 307, 308, 311, 312, 314, 315, 316, 317, 318, 321, 323, 325, 326, 327, 331, 333, 334, 335, 336, 338, 340, 341, 342, 345, 346, 353, 355, 356, 359, 363, 370, 372, 373, 375, 378, 379, 381, 382, 383, 386, 387, 388, 391, 394, 395, 397, 398, 400, 401, 402, 403, 407, 412, 413, 414, 417, 419, 420, 421, 422, 423, 424, 425, 426, 428, 429, 430, 434, 435, 436, 438, 445, 449, 450, 452, 454, 457, 458, 460, 463, 467, 470, 472, 473, 474, 475, 476, 477, 478, 479, 482, 484, 489, 491, 493, 494, 498, 499, 502, 503, 504, 506, 508, 510, 512, 515, 516, 517, 520, 522, 523, 524, 525, 528, 529, 530, 532, 537, 539, 543, 546, 549, 555, 560, 562, 564, 565, 567, 569, 571, 574, 578, 580, 582, 585, 586, 587, 592, 593, 595, 597, 598, 599, 601, 603, 605, 606, 608, 611, 612, 613, 615, 619, 620, 621, 622, 623, 624, 632, 634, 636, 637, 640, 642, 643, 646, 649, 651, 653, 654, 655, 656, 657, 658, 663, 664, 666, 667, 671, 672, 674, 675, 680, 681, 683, 687, 688, 690, 692, 695, 700, 705, 706, 708, 709, 715, 716, 721, 722, 723, 724, 725, 730, 731, 735, 738, 739, 741, 743, 745, 746, 747, 748, 752, 755, 756, 758, 760, 762, 764, 765, 766, 767, 769, 773, 774, 776, 778, 780, 783, 784, 785, 787, 789, 791, 796, 797, 799]
Current cols  : [19 20]
Epoch 1 ending...
Prev Score : 37769.5325234
Epoch 2 starting ...
Running FGSS step for random columns ...


Score : 40525.0075899
alpha : 0.002
rows  : [568]
cols  : [0, 3, 4, 6, 7, 9, 10, 11, 12, 16, 17, 18, 19, 20, 23, 27, 28, 30, 32, 35, 36]
	Storing updated score ...
	Score : 40525.0075899
	alpha : 0.002
	rows  : [568]
	cols  : [0, 3, 4, 6, 7, 9, 10, 11, 12, 16, 17, 18, 19, 20, 23, 27, 28, 30, 32, 35, 36]
Running FGSS step for random rows ...


Current Score : 6697.24428739
Current alpha : 0.002
Current rows  : [2, 3, 4, 7, 9, 11, 12, 14, 15, 16, 17, 23, 31, 33, 34, 36, 37, 41, 45, 50, 52, 53, 55, 58, 60, 61, 62, 63, 64, 65, 67, 69, 70, 71, 79, 80, 81, 84, 86, 87, 88, 90, 93, 94, 97, 98, 100, 103, 106, 107, 111, 114, 117, 118, 119, 121, 122, 124, 128, 132, 133, 134, 136, 139, 140, 144, 145, 146, 147, 148, 151, 152, 153, 156, 157, 158, 159, 161, 164, 168, 172, 178, 180, 181, 183, 184, 185, 188, 189, 190, 191, 192, 196, 197, 198, 199, 200, 201, 203, 204, 205, 206, 207, 209, 210, 211, 212, 218, 219, 220, 222, 227, 228, 229, 230, 232, 233, 236, 242, 243, 244, 245, 247, 250, 253, 254, 256, 259, 260, 262, 266, 269, 270, 271, 272, 274, 275, 276, 278, 279, 280, 282, 285, 287, 289, 295, 296, 297, 300, 302, 303, 304, 308, 309, 312, 313, 317, 318, 321, 323, 324, 325, 326, 327, 331, 332, 333, 335, 337, 340, 342, 345, 346, 347, 349, 350, 353, 354, 355, 356, 357, 360, 363, 364, 367, 368, 369, 372, 373, 374, 376, 378, 379, 381, 382, 385, 389, 390, 391, 392, 396, 397, 398, 399, 400, 402, 404, 406, 409, 410, 414, 418, 421, 422, 425, 426, 428, 429, 434, 436, 438, 439, 441, 446, 449, 451, 453, 454, 456, 457, 458, 459, 460, 462, 470, 471, 472, 473, 475, 477, 480, 482, 485, 488, 489, 492, 493, 496, 498, 501, 503, 506, 508, 510, 511, 512, 513, 515, 516, 517, 518, 519, 521, 524, 525, 527, 528, 529, 534, 536, 537, 540, 546, 547, 548, 549, 550, 553, 554, 555, 556, 558, 559, 560, 561, 562, 563, 564, 565, 568, 570, 572, 573, 575, 576, 577, 579, 585, 589, 594, 596, 600, 601, 603, 604, 605, 610, 612, 613, 614, 618, 619, 620, 621, 624, 627, 628, 629, 630, 631, 634, 635, 636, 640, 641, 642, 648, 651, 654, 656, 657, 659, 663, 664, 667, 669, 670, 673, 674, 676, 679, 680, 682, 684, 686, 689, 691, 695, 698, 699, 700, 703, 705, 709, 713, 714, 718, 720, 721, 723, 725, 727, 728, 729, 731, 732, 733, 734, 736, 737, 740, 741, 743, 745, 747, 752, 753, 757, 763, 765, 766, 767, 768, 771, 772, 773, 774, 775, 777, 778, 779, 780, 782, 783, 785, 786, 787, 790, 791, 792, 794, 795, 796, 799]
Current cols  : [20]
Epoch 2 ending...
Prev Score : 40525.0075899
Epoch 3 starting ...
Running FGSS step for random columns ...


Score : 45285.107773
alpha : 0.002
rows  : [568]
cols  : [0, 1, 3, 5, 7, 8, 13, 17, 19, 20, 21, 22, 26, 28, 29, 32, 36, 37]
	Storing updated score ...
	Score : 45285.107773
	alpha : 0.002
	rows  : [568]
	cols  : [0, 1, 3, 5, 7, 8, 13, 17, 19, 20, 21, 22, 26, 28, 29, 32, 36, 37]
Running FGSS step for random rows ...


Current Score : 11084.5354891
Current alpha : 0.002
Current rows  : [0, 1, 3, 4, 6, 7, 11, 12, 13, 14, 18, 19, 20, 21, 22, 23, 24, 26, 27, 32, 33, 34, 35, 41, 42, 44, 45, 46, 47, 50, 51, 52, 54, 57, 58, 60, 63, 65, 66, 71, 72, 74, 75, 76, 77, 80, 81, 82, 84, 86, 88, 89, 90, 94, 98, 100, 102, 104, 105, 106, 109, 111, 113, 117, 123, 128, 129, 130, 132, 134, 135, 137, 140, 142, 144, 147, 148, 149, 151, 153, 154, 156, 159, 161, 162, 163, 164, 166, 167, 169, 171, 172, 174, 175, 177, 184, 185, 193, 194, 195, 198, 202, 205, 207, 208, 210, 213, 214, 215, 217, 218, 219, 221, 225, 226, 227, 230, 231, 235, 237, 240, 246, 247, 250, 251, 253, 255, 256, 258, 261, 263, 268, 269, 271, 272, 274, 276, 278, 282, 283, 286, 287, 288, 292, 295, 297, 299, 300, 301, 307, 308, 311, 312, 315, 317, 318, 322, 324, 328, 329, 335, 336, 337, 340, 342, 343, 344, 347, 349, 350, 354, 355, 358, 359, 363, 365, 368, 369, 372, 375, 377, 379, 380, 382, 383, 384, 386, 387, 388, 391, 394, 395, 396, 398, 400, 402, 405, 408, 409, 410, 411, 412, 413, 415, 416, 417, 422, 423, 424, 428, 430, 431, 433, 438, 439, 442, 443, 444, 448, 449, 452, 453, 457, 458, 459, 461, 462, 463, 465, 466, 468, 470, 472, 473, 474, 475, 480, 482, 486, 487, 488, 489, 490, 491, 492, 494, 497, 500, 501, 502, 506, 508, 509, 511, 512, 513, 516, 517, 518, 519, 522, 523, 526, 528, 530, 533, 535, 536, 537, 539, 542, 548, 554, 555, 556, 558, 560, 562, 563, 564, 567, 568, 569, 574, 575, 577, 579, 583, 584, 585, 586, 588, 591, 592, 594, 595, 599, 600, 604, 606, 607, 608, 609, 610, 611, 612, 613, 615, 627, 628, 629, 631, 633, 634, 635, 636, 638, 639, 640, 641, 643, 645, 649, 650, 654, 655, 656, 657, 658, 659, 660, 661, 662, 663, 665, 667, 669, 673, 675, 676, 677, 678, 679, 680, 687, 688, 690, 691, 693, 695, 696, 700, 701, 702, 704, 705, 706, 707, 708, 711, 713, 714, 720, 724, 725, 726, 731, 732, 733, 734, 735, 736, 739, 740, 741, 745, 748, 749, 751, 753, 754, 755, 760, 761, 764, 766, 767, 768, 773, 775, 778, 780, 781, 782, 783, 784, 787, 788, 789, 792, 798]
Current cols  : [20 19]
Epoch 3 ending...
Prev Score : 45285.107773
Epoch 4 starting ...
Running FGSS step for random columns ...


Score : 41302.0576642
alpha : 0.002
rows  : [568 655]
cols  : [2, 4, 6, 8, 12, 18, 19, 20, 21, 23, 25, 31, 32, 33, 36, 37]
	Storing updated score ...
	Score : 41302.0576642
	alpha : 0.002
	rows  : [568 655]
	cols  : [2, 4, 6, 8, 12, 18, 19, 20, 21, 23, 25, 31, 32, 33, 36, 37]
Running FGSS step for random rows ...


Current Score : 6411.39184039
Current alpha : 0.002
Current rows  : [1, 2, 5, 7, 9, 11, 17, 19, 25, 27, 30, 32, 33, 34, 35, 38, 40, 41, 43, 45, 46, 47, 50, 51, 53, 54, 57, 59, 62, 65, 67, 68, 70, 71, 73, 77, 78, 80, 83, 85, 87, 88, 92, 95, 98, 99, 101, 102, 104, 105, 106, 110, 111, 113, 117, 120, 123, 126, 127, 128, 129, 135, 139, 141, 142, 144, 145, 146, 148, 150, 151, 155, 156, 160, 162, 169, 170, 171, 172, 174, 175, 177, 179, 180, 181, 187, 188, 190, 191, 192, 193, 194, 195, 196, 200, 201, 202, 203, 204, 205, 208, 209, 210, 212, 214, 215, 217, 219, 220, 221, 222, 223, 224, 225, 230, 231, 232, 235, 248, 250, 252, 253, 255, 256, 258, 259, 260, 264, 265, 266, 267, 268, 270, 271, 273, 274, 278, 279, 280, 283, 286, 287, 289, 290, 291, 295, 296, 297, 299, 301, 302, 303, 306, 307, 314, 315, 316, 318, 320, 323, 324, 326, 327, 329, 330, 334, 336, 338, 343, 344, 348, 349, 351, 353, 355, 358, 359, 360, 362, 363, 365, 366, 370, 372, 373, 375, 376, 378, 380, 381, 384, 388, 389, 393, 394, 403, 405, 406, 410, 411, 412, 413, 414, 415, 417, 419, 421, 424, 425, 427, 428, 429, 431, 432, 434, 435, 436, 438, 440, 441, 443, 444, 446, 447, 449, 451, 452, 455, 456, 462, 465, 467, 468, 473, 474, 475, 476, 477, 479, 480, 483, 484, 485, 486, 489, 492, 495, 496, 497, 499, 500, 502, 503, 505, 507, 509, 510, 511, 513, 514, 517, 518, 523, 526, 527, 529, 530, 532, 533, 538, 540, 541, 543, 547, 548, 551, 555, 559, 560, 561, 562, 565, 567, 569, 570, 573, 576, 577, 581, 583, 587, 591, 592, 595, 597, 598, 600, 603, 604, 605, 606, 607, 608, 609, 610, 612, 614, 619, 622, 626, 629, 634, 635, 640, 641, 642, 645, 648, 650, 651, 652, 653, 655, 657, 658, 659, 662, 663, 665, 666, 669, 670, 672, 673, 674, 677, 678, 680, 681, 684, 685, 687, 690, 694, 697, 700, 702, 703, 704, 706, 708, 709, 710, 711, 713, 715, 717, 718, 719, 721, 722, 725, 730, 731, 733, 735, 740, 741, 742, 743, 747, 748, 749, 752, 753, 754, 757, 760, 765, 768, 772, 773, 776, 780, 781, 783, 791, 796, 797, 798, 799]
Current cols  : [20 19]
Epoch 4 ending...
Prev Score : 41302.0576642

	Returning global score ...
	Global Score : 41302.0576642
	Global alpha : 0.002
	Global rows  : [568 655]
	Global cols  : [2, 4, 6, 8, 12, 18, 19, 20, 21, 23, 25, 31, 32, 33, 36, 37]
ENDDD
Done

Process finished with exit code 0
